results:
  acc: 0.4008506113769272
  auc: 0.5212404418011894
  f1: 0.08149959250203749
  precision: 1.0
  recall: 0.04248088360237893
