results:
  acc: 0.6106654783125371
  auc: 0.4108725825853613
  f1: 0.08516579406631762
  precision: 0.07227488151658767
  recall: 0.10365335598980459
