results:
  acc: 0.7387106357694593
  auc: 0.7783969985783625
  f1: 0.52904953145917
  precision: 0.3862392494136044
  recall: 0.8394222599830077
