results:
  acc: 0.7442067736185384
  auc: 0.7884233283141397
  f1: 0.5393258426966293
  precision: 0.3935962514642718
  recall: 0.8564146134239592
