results:
  acc: 0.5273790536948432
  auc: 0.46422313084112143
  f1: 0.6544889234356782
  precision: 0.6031518624641834
  recall: 0.7153780798640612
