results:
  acc: 0.6592238171185539
  auc: 0.5978321474086661
  f1: 0.7556233320625239
  precision: 0.6853388658367912
  recall: 0.8419711129991504
